 (0; 2)  power = 2  dx = 0.01
0
2.67557e-11
5.45926e-11
8.35432e-11
1.13641e-10
1.44921e-10
1.77419e-10
2.1117e-10
2.46212e-10
2.82584e-10
3.20325e-10
3.59476e-10
4.00078e-10
4.42173e-10
4.85806e-10
5.31021e-10
5.77865e-10
6.26385e-10
6.76629e-10
7.28648e-10
7.82492e-10
8.38215e-10
8.95869e-10
9.55511e-10
1.0172e-09
1.08098e-09
1.14693e-09
1.21511e-09
1.28557e-09
1.35838e-09
1.43361e-09
1.51132e-09
1.59159e-09
1.67448e-09
1.76008e-09
1.84844e-09
1.93966e-09
2.03382e-09
2.13098e-09
2.23124e-09
2.33468e-09
2.44139e-09
2.55146e-09
2.66498e-09
2.78204e-09
2.90275e-09
3.0272e-09
3.15549e-09
3.28773e-09
3.42402e-09
3.56448e-09
3.70922e-09
3.85835e-09
4.01199e-09
4.17027e-09
4.3333e-09
4.50122e-09
4.67415e-09
4.85223e-09
5.03561e-09
5.2244e-09
5.41878e-09
5.61887e-09
5.82484e-09
6.03683e-09
6.25502e-09
6.47955e-09
6.7106e-09
6.94835e-09
7.19296e-09
7.44462e-09
7.70351e-09
7.96982e-09
8.24375e-09
8.5255e-09
8.81526e-09
9.11325e-09
9.41969e-09
9.73478e-09
1.00588e-08
1.03919e-08
1.07343e-08
1.10864e-08
1.14483e-08
1.18202e-08
1.22026e-08
1.25956e-08
1.29994e-08
1.34145e-08
1.3841e-08
1.42792e-08
1.47296e-08
1.51922e-08
1.56676e-08
1.6156e-08
1.66577e-08
1.71731e-08
1.77025e-08
1.82463e-08
1.88049e-08
1.93785e-08
1.99677e-08
2.05728e-08
2.11942e-08
2.18322e-08
2.24874e-08
2.31602e-08
2.3851e-08
2.45602e-08
2.52884e-08
2.60359e-08
2.68033e-08
2.75912e-08
2.83999e-08
2.923e-08
3.0082e-08
3.09566e-08
3.18542e-08
3.27755e-08
3.3721e-08
3.46913e-08
3.5687e-08
3.67088e-08
3.77574e-08
3.88333e-08
3.99373e-08
4.107e-08
4.22322e-08
4.34246e-08
4.4648e-08
4.5903e-08
4.71906e-08
4.85114e-08
4.98663e-08
5.12562e-08
5.26819e-08
5.41442e-08
5.56442e-08
5.71826e-08
5.87605e-08
6.03788e-08
6.20386e-08
6.37407e-08
6.54863e-08
6.72764e-08
6.91121e-08
7.09945e-08
7.29248e-08
7.49041e-08
7.69336e-08
7.90145e-08
8.11481e-08
8.33357e-08
8.55785e-08
8.7878e-08
9.02354e-08
9.26522e-08
9.51298e-08
9.76697e-08
1.00273e-07
1.02942e-07
1.05678e-07
1.08483e-07
1.11358e-07
1.14304e-07
1.17324e-07
1.2042e-07
1.23593e-07
1.26844e-07
1.30177e-07
1.33593e-07
1.37093e-07
1.4068e-07
1.44357e-07
1.48124e-07
1.51985e-07
1.55941e-07
1.59996e-07
1.6415e-07
1.68407e-07
1.72769e-07
1.77238e-07
1.81817e-07
1.8651e-07
1.91317e-07
1.96243e-07
2.01289e-07
2.0646e-07
2.11757e-07
2.17184e-07
2.22743e-07
2.28439e-07
2.34274e-07
2.40252e-07
2.46375e-07
2.52648e-07
2.59073e-07
2.65655e-07
2.72398e-07
2.79304e-07
2.86378e-07