 (0; 2)  power = 2  dx = 0.01
0
0.0200013
0.0402107
0.0606361
0.0812857
0.102168
0.12329
0.144661
0.166289
0.188182
0.21035
0.232799
0.25554
0.27858
0.301928
0.325594
0.349585
0.373911
0.398581
0.423605
0.44899
0.474747
0.500885
0.527413
0.554342
0.58168
0.609438
0.637625
0.666252
0.695328
0.724864
0.75487
0.785357
0.816335
0.847815
0.879808
0.912324
0.945374
0.978971
1.01312
1.04785
1.08315
1.11904
1.15554
1.19265
1.23039
1.26877
1.3078
1.34749
1.38786
1.42892
1.47068
1.51316
1.55636
1.60031
1.64501
1.69047
1.73672
1.78376
1.83161
1.88028
1.92978
1.98013
2.03135
2.08345
2.13643
2.19032
2.24513
2.30088
2.35757
2.41523
2.47386
2.53348
2.59411
2.65576
2.71845
2.78218
2.84698
2.91286
2.97983
3.0479
3.1171
3.18743
3.2589
3.33154
3.40535
3.48036
3.55656
3.63397
3.71262
3.7925
3.87363
3.95602
4.03969
4.12463
4.21087
4.29842
4.38727
4.47745
4.56895
4.66179
4.75597
4.85149
4.94837
5.04659
5.14618
5.24712
5.34943
5.45309
5.5581
5.66447
5.77218
5.88123
5.99162
6.10332
6.21634
6.33065
6.44624
6.56309
6.68117
6.80048
6.92097
7.04263
7.16541
7.28928
7.41422
7.54016
7.66707
7.79489
7.92357
8.05306
8.18329
8.31418
8.44567
8.57768
8.71012
8.8429
8.97591
9.10907
9.24224
9.37532
9.50817
9.64065
9.77262
9.90393
10.0344
10.1639
10.2921
10.419
10.5442
10.6677
10.789
10.908
11.0244
11.1379
11.2482
11.355
11.4579
11.5567
11.6508
11.7399
11.8235
11.9013
11.9727
12.0372
12.0943
12.1434
12.1839
12.2152
12.2366
12.2474
12.2468
12.234
12.2083
12.1686
12.1142
12.0439
11.9568
11.8517
11.7275
11.5829
11.4167
11.2275
11.0137
10.774
10.5066
10.2099
9.88207
9.52118
9.12525
8.69214
8.21962
7.70532
7.14674
6.54124
5.88604
5.17819
4.41459
3.59195
2.70682
1.75553