 (0; 2)  power = 2  dx = 0.01
1
1.0002
1.0006
1.0012
1.002
1.003
1.00421
1.00561
1.00722
1.00903
1.01105
1.01328
1.01571
1.01835
1.0212
1.02426
1.02754
1.03104
1.03475
1.03868
1.04283
1.04721
1.05182
1.05666
1.06173
1.06704
1.07259
1.07838
1.08442
1.09071
1.09725
1.10406
1.11112
1.11846
1.12606
1.13395
1.14211
1.15056
1.15931
1.16835
1.17769
1.18735
1.19733
1.20762
1.21825
1.22921
1.24052
1.25218
1.2642
1.27659
1.28936
1.30251
1.31606
1.33001
1.34437
1.35916
1.37438
1.39005
1.40617
1.42277
1.43984
1.45741
1.47548
1.49407
1.51319
1.53287
1.5531
1.57391
1.59532
1.61733
1.63997
1.66326
1.68721
1.71185
1.73718
1.76324
1.79004
1.81761
1.84596
1.87513
1.90513
1.93599
1.96774
2.00041
2.03401
2.06859
2.10417
2.14079
2.17846
2.21724
2.25715
2.29823
2.34052
2.38405
2.42887
2.47502
2.52254
2.57148
2.62188
2.67379
2.72727
2.78236
2.83912
2.8976
2.95787
3.01999
3.08401
3.15001
3.21805
3.28821
3.36055
3.43515
3.5121
3.59147
3.67336
3.75784
3.84503
3.935
4.02786
4.12373
4.2227
4.32489
4.43041
4.5394
4.65198
4.76828
4.88844
5.01261
5.14093
5.27356
5.41068
5.55244
5.69902
5.85062
6.00741
6.16961
6.33743
6.51107
6.69078
6.87678
7.06933
7.26868
7.47512
7.6889
7.91034
8.13974
8.37742
8.62372
8.87898
9.14358
9.41788
9.7023
9.99725
10.3032
10.6205
10.9497
11.2914
11.6459
12.0139
12.396
12.7927
13.2046
13.6324
14.0768
14.5385
15.0183
15.5169
16.0352
16.574
17.1342
17.7167
18.3226
18.9529
19.6087
20.2911
21.0013
21.7405
22.5101
23.3115
24.1461
25.0153
25.9209
26.8644
27.8476
28.8724
29.9407
31.0545
32.2159
33.4272
34.6908
36.009
37.3846
38.8202
40.3186
41.883
43.5164
45.2223
47.004
48.8654
50.8102
52.8426