 (0; 2)  power = 2  dx = 0.01
1
1.0202
1.04081
1.06184
1.08329
1.10517
1.1275
1.15027
1.17351
1.19722
1.2214
1.24608
1.27125
1.29693
1.32313
1.34986
1.37713
1.40495
1.43333
1.46228
1.49182
1.52196
1.55271
1.58407
1.61607
1.64872
1.68203
1.71601
1.75067
1.78604
1.82212
1.85893
1.89648
1.93479
1.97388
2.01375
2.05443
2.09594
2.13828
2.18147
2.22554
2.2705
2.31637
2.36316
2.4109
2.4596
2.50929
2.55998
2.6117
2.66446
2.71828
2.77319
2.82922
2.88637
2.94468
3.00417
3.06485
3.12677
3.18993
3.25437
3.32012
3.38719
3.45561
3.52542
3.59664
3.6693
3.74342
3.81904
3.89619
3.9749
4.0552
4.13712
4.2207
4.30596
4.39295
4.48169
4.57223
4.66459
4.75882
4.85496
4.95303
5.05309
5.15517
5.25931
5.36556
5.47395
5.58453
5.69734
5.81244
5.92986
6.04965
6.17186
6.29654
6.42374
6.5535
6.68589
6.82096
6.95875
7.09933
7.24274
7.38906
7.53832
7.69061
7.84597
8.00447
8.16617
8.33114
8.49944
8.67114
8.84631
9.02501
9.20733
9.39333
9.58309
9.77668
9.97418
10.1757
10.3812
10.591
10.8049
11.0232
11.2459
11.473
11.7048
11.9413
12.1825
12.4286
12.6797
12.9358
13.1971
13.4637
13.7357
14.0132
14.2963
14.5851
14.8797
15.1803
15.487
15.7998
16.119
16.4446
16.7769
17.1158
17.4615
17.8143
18.1741
18.5413
18.9158
19.298
19.6878
20.0855
20.4913
20.9052
21.3276
21.7584
22.198
22.6464
23.1039
23.5706
24.0468
24.5325
25.0281
25.5337
26.0495
26.5758
27.1126
27.6604
28.2191
28.7892
29.3708
29.9641
30.5694
31.187
31.817
32.4597
33.1155
33.7844
34.4669
35.1632
35.8735
36.5982
37.3376
38.0918
38.8613
39.6464
40.4473
41.2644
42.098
42.9484
43.816
44.7012
45.6042
46.5255
47.4654
48.4242
49.4024
50.4004
51.4186
52.4573
53.517
54.5981